-0.01445810317541007
0.05523153492724899
0.012086338961145231
-0.009806089717331832
0.028257588809522498
0.3486141083262119
-0.19581416662817114
6.067238618842318e-05
0.017012726835045365
0.0003684810419927542
0.00023350538499252477
0.00013282059965328926
-0.01773534580242845
-0.14764677123324868
0.009846212174343491
0.015210706520795373
0.04651430602176382
0.026936352055267457
0.009953926581041625
0.12672376099573254
0.10377710034641528
-1.61787695982025
-1.559628049123403
0.0055966204495118835
0.0019214169402913303
-20.341181828170072
0.2293242823476295
0.004128699455612304
0.011002404013945172
-0.009513501867635008
0.16285661530707238
-1.1467754833374002
0.011002404013945172
0.02493970543859084
0.20430855120945396
0.2592735383897655
-0.01480882292638272
-0.00041832891759859865
0.03442033393535341
0.029074724692362375
0.006531162597269555
0.0008101898846277905
0.0046838393995186686
6.32571716492051e-05
-0.046831436948597344
0.07737626959600845
-0.0018194280444599046
0.029027282554621524
0.00015232003487366776
0.015120043704750062
1.5528239890778738e-05
-0.05122117768693878
0.0003265715780222696
0.026194713891295688
0.029027282554621524
1.673023882316515
0.009173313342172853
0.05611951324185688
3.20599847001779e-05
0.00011788789634987503
-0.015003538330888327
0.044373174570037616
0.0352784789406383
0.002265101161639974
-0.028653896791388137
7.148942345454635e-05
0.2427787877757321
0.00011161582701781883
0.020517426350714685
-0.00034960839173770337
0.002035521890186193
0.00019318058687018888
0.07609347143815376
-0.00047877072816986663
0.0039008257621063647
0.10040488174781545
0.03706575689980571
0.010220606209497777
-0.000819710920859178
0.01079204104459408
0.0002549461367807783
0.04217107054537393
-0.0776037364020073
0.00028900916692671535
0.0
-0.38827675933349903
0.00029641536774994114
0.004601322676602384
-0.05886016495202723
0.0004987427476386448
2.895897907433166e-06
0.022539344767724342
-0.2078129368354612
-0.005170158892626454
-0.04035067943006519
0.00011161582701781883
0.006155111471757972
-1.1964802632476859e-05
0.050917767508515024
-0.0150035383309036
0.003060927002766343
0.09626197519625916
0.005291767922230294
0.17215147709032905
0.09626197519625916
0.05372712104069651
0.041060733167255864
0.04600490569823419
-0.045588083219377865
-0.44371133771805443
0.00020175703362344878
-0.02391716164228176
-0.07450946672487367
0.00868872829343239
-0.16810611364795408
0.0012546861195459921
0.0035654054688076683
0.0001029453656310451
-0.06997350959039245
-0.9071182838018962
2.2332655055892228e-06
0.0055076239561964255
-0.06158434061677232
0.03706575689977516
0.011741850164396342
-0.08069785897848836
0.004977886231524609
3.395057262420524e-05
0.0010454712992940785
-0.44076626941925295
-0.1001448380287483
0.024568410976649253
-0.013413290292703344
-0.01076767379591914
0.13614177468663008
0.00033177037400882446
-0.017714387830628373
4.02085913338048e-05
0.004128699455612304
0.08348515845801599
0.0
0.07691293070313673
0.002008731135198249
0.18805715015090205
0.023341281263342017
0.000967113627738301
-0.005204091882013472
0.00011515770516150874
0.0030765618660072414
-0.6097795376814947
0.00027284452554137946
0.039976128211716
0.00442932424064297
0.004856233752542804
-0.04159944263738344
-0.09986583896030199
0.010220606209497777
-0.00025931415904658245
0.006351189269159676
0.09626197519619807
-0.44076626941925295
0.0444846812540988
0.015120043704750062
0.005124968939686376
2.895897907433166e-06
0.09760411519844102
-0.055461534665985045
-0.25244839132243124
0.012508026063976288
0.00023606659135542402
0.09451763677925934
0.01073788635112651
9.988210427948885e-06
0.10519437856550534
0.015471322060895345
-0.02391716164228176
0.09046497975102584
-0.03418852259413109
-0.08950932455667683
0.030798841147367233
-0.6097795376814947
0.0003873862151530234
0.0070112212753065265
0.00020175703362344878
0.00490568016038752
0.00045343563546266797
-0.05886016495202723
-0.008810995102424866
0.0055037066929584455
0.010552417660292782
0.004075568584619336
-0.0224803789815952
-0.01773534580242845
-0.005204091882013472
-0.07716852510881951
0.00011285955496179597
0.009742847015954388
0.38956549843729826
-0.7213320060858797
-0.03461780123248383
-0.001471207405212961
0.0022481998782949973
0.0010156225958675301
0.047825378691002084
-0.00523234275219565
0.10519437856550534
0.0004884341776331214
0.00023606659135542402
0.011741850164396342
3.265282100654332e-05
0.0031631828777602755
-1.2503797620139538
0.003997125886753046
0.21963999585439725
0.039932167045997974
0.015800286304649448
0.004847925352969081
-0.009513501867635008
0.0005449217766024677
-7.636930044818877e-15
0.00023565048900634668
0.3130621976617963
0.18805715015090205
0.026966438790233555
-3.622807412301054e-05
-0.07450946672487367
-0.1476467712331876
-1.788555627850934
0.10541892235667576
-0.07906337222314709
7.544881149461629e-06
-0.44076626941925295
0.01050847029849382
0.00021014253961410757
0.0970009604650692
0.11113630190813469
0.013403722819721697
0.0004884341776331214
-0.03883527290112684
-0.5547403463651618
0.0034827730917569326
0.11496282200154012
-0.02965456780414763
0.27941747933079747
-0.2078129368354612
0.039068479775661184
0.0004275923580106865
0.0003833699610960969
0.0005220001263334562
-0.04962414676279708
0.0004468667683074519
0.0006959724042021441
0.00019313328959829048
-0.00019421026584678886
-1.788555627850934
0.176089725649086
4.6090202868218536e-05
0.0009160375798971093
0.2119383267144731
0.0014818633621473244
0.05083920267832036
0.006155111471761791
0.00033000494916704445
-0.011078444602641423
0.0006479153115282685
0.03967523527756806
-0.0003544126534250009
0.27941747933091965
-0.7143204990590117
-0.6097795376814947
0.009009949310751438
-0.0015596935311576207
0.0001029453656310451
0.07244604421269017
0.006155111471761791
0.003991168040129593
0.0035654054688076683
-0.0006720750217110579
0.21963999585439725
0.0273930858975378
0.038737857344348224
0.08835407241776487
0.003991168040129593
0.1084317610526037
0.00018718745158911686
-0.023917161642282237
-0.08516173776191167
0.00021196675888922358
-0.04789418488261365
-0.9071182838018962
1.5257570410935138e-05
-0.08332936712486459
0.06462288470381473
0.009846212174343491
0.031160980408297623
0.004847925352969081
0.011005625055691923
0.00321860405050286
0.38956549843729826
0.0004376698980981332
0.000222220100006584
0.018890661775170046
-0.5556513772047045
0.006353134174748647
0.02625866908479656
0.12537161143903353
-0.09986583896030199
0.005592992648336992
0.000208083503557509
-0.29008832117606737
1.489164012624376e-05
0.0005251314841511618
0.0970009604650692
-0.012094580307220703
0.00027284452554137946
-0.0006964981234557277
0.01278060444983706
0.02419973051657316
-0.002090444691323125
0.05987099191877935
0.00018152662704727418
0.005981160931253662
-0.24310576006313783
3.179118941461046e-05
-0.0018194280444599046
6.528274524435574e-05
0.06859001182996576
0.03210915968719105
0.016107223660645875
-0.04260821910028632
0.0007256095154769847
-0.022480378981534103
0.5537337514805255
-0.11765817668342092
3.179118941461046e-05
-1.062014049946809
-0.0004953391320887541
0.00908542686676486
-0.3959185718716932
0.001057753186658699
0.2119383267144731
-0.0030492133784117414
-0.07906337222314709
0.08780257436161053
-0.20180717856109265
0.08348515845801599
-0.0061750660396263715
-0.03461780123248383
0.020274129921063595
0.0008121985017638762
0.0007059650291727792
0.0014818633621778723
0.0007949904774693786
0.045363691737024835
0.00035388606209128327
0.001008466947414667
0.001965948261504101
-7.636930044818877e-15
-0.17865356033682137
0.0033455365100240743
-0.0895093245565852
1.909232511204719e-15
0.011968906924116361
0.00023565048900634668
0.0041455267170123836
-0.022110344267280268
0.18232740749550397
-0.09986583896036309
0.1321864485245994
2.5895815933695786e-05
7.54488116473549e-06
0.00015699289351119077
0.12100791151929147
0.0016757289824138636
0.00670331140587839
0.012847984791066979
0.10755159595141905
0.0021518103435528525
0.19907448752423929
2.826604754201833e-05
0.004856233752542804
0.00884601884307367
0.05137356122183188
1.244249624195898e-05
-0.01447425786074354
0.0001705738172771252
0.002983443577827208
0.09399323965941454
0.0003873862151530234
0.003991168040129593
0.0003949129650697453
0.04466608838032815
-0.23962089508357287
-0.9071182838018962
0.0003450967433475755
0.039932167045997974
-0.0003544126534250009
0.018890661775170046
-0.22063439327453208
-0.01029751657211276
1.5257570410935138e-05
0.021614412296983552
0.0007059650291727792
0.14194679078478892
0.012705910590147342
-0.07906337222317764
0.29729155734348145
-0.02726491062508374
-0.016761324917768838
-0.045588083219377865
0.008072800482905125
0.1239849423356028
0.0030765618660683366
0.08047913515187291
3.265282100654332e-05
-0.06997350959039245
-1.062014049946809
-0.06997350959039245
0.00011788789634987503
0.0047661847939120235
-0.01480882292638272
9.988210427948885e-06
0.3486141083262119
-3.48798430392545e-05
0.0019214169402913303
-3.7564570861941964
-1.6476063115123274
-1.788555627850934
0.039068479775661184
0.00019165168758826287
0.004145526717014293
0.18805715015090205
-0.135531271205854
0.06462288470381473
0.001348758261059953
-0.0005935926356892146
7.949761445287105e-05
0.011968906924116361
-0.017714387830628373
0.01050847029849382
-1.211047782414391
0.00044886860097817223
-3.7564570861941964
0.0003580165685356069
0.13354872865925407
1.909232511204719e-15
0.3486141083262119
0.0017937748168004436
-0.014812882269495797
0.03442033393535341
-0.011779355399828075
-0.5547403463651618
-0.16810611364796935
-0.07588965175131816
0.01303284553977726
0.012705910590147342
0.0038401709960415005
0.014076268374503887
0.07178941270670687
-0.05885186712676068
0.00442932424064297
0.041060733167255864
0.04651430602179437
-0.02623066368555478
0.0005191385884329484
-0.015003538330888327
0.004712203305483283
-0.06662680300635326
0.9329088458069446
-0.0013376810437061351
0.03300044456162867
-0.48791440431267263
0.1594940039557467
0.1742891845930951
-0.010315450468535223
-0.12321841226787818
0.001734669950933627
58.2552768188601
0.0003949129650697453
0.0025988186735429694
0.00023606659135542402
0.0002505050112545766
0.13312350891708602
0.010552417660292782
0.05257311130339234
-1.2503797620139538
0.12947991534089318
-0.11765817668342092
-20.341181828170072
0.00011084511753803669
0.004059672437815447
-0.009335045892104852
0.004601322676480193
0.009637637480750782
0.43277633881776845
-0.44413546972525025
-0.004903676090310131
-0.04260821910028632
0.06283327326126668
0.01598321874425549
0.005951657260576807
0.030519156245792906
0.001057753186658699
0.008987184442555215
-0.033064035296634
0.00010677671285616205
-0.03883527290112684
2.0396110087730845e-05
0.030519156245792906
0.001965948261504101
3.818465022409438e-15
-0.12101054008517968
-0.05877411771205387
-0.0001830702045698418
8.613696354570526e-05
0.009173313342172853
0.0015860308148314879
2.5895815948969644e-05
0.0016650106025077735
0.008227143919858706
0.08742764848548537
0.044373174570037616
0.03752682460777511
0.009449603304261499
-0.0030492133784117414
-0.44413546972525025
0.003500917570087449
0.00442932424064297
0.019211840041435828
0.029618008590507894
0.015190351691155471
-0.00035631033436164144
-0.00025505223106729504
0.11113630190810414
-1.9814550808294525e-06
0.00011788789634987503
0.00044886860097817223
0.001179184615372407
1.909232511204719e-15
0.0016632808457950293
0.0
0.00014964884514053717
0.05912964627514804
0.0003684810419927542
0.001965948261504101
0.04557856377062749
0.00033000494916704445
0.19346180200208568
0.03684321819682238
-0.12653746741418023
-6.808262739058462e-05
-0.038139950732733297
0.07691293070313673
0.0016667989148165035
0.04217107054537393
-0.011317110384280899
6.695055935972849e-05
0.0003873862151530234
0.0034199194695585205
6.32571716492051e-05
0.018498428271774208
0.009047164065575085
0.3747193636261026
-0.5492636941008002
0.0273930858975378
0.00029432132202041533
0.009961648690379937
-0.0806978589785189
0.004825200840571746
0.04319576974214768
1.909232511204719e-15
-0.011779355399828075
-0.03603104015314164
-0.005445317808421478
0.00047921705590435297
-0.16810611364795408
0.00016609860594797148
-0.016761324917768838
0.06353536977555119
0.0004167136768962583
-0.024205551304435004
-7.636930044818877e-15
0.005889744239996754
0.026194713891417882
0.8141207892447425
0.23951305626144792
0.04689534959361452
0.0005572768207738205
0.03344962806536879
-0.009806089717331832
0.0020538562999253595
0.009918000310207195
0.010508204994721028
9.708257301201088e-06
-0.08332936712486459
4.576999500589637e-05
0.0007949904774846524
-0.09869677881187491
-0.0006261550320226826
0.001663280845733934
-0.0003544126534250009
0.0010454712992940785
-0.6549056136856951
-0.047894184882583096
0.0001284267170927764
0.000538032294773303
58.2552768188601
-0.009806089717331832
-0.005204091882013472
-0.04260821910028632
0.00400877276532422
0.00014332246999605264
-0.00046279720314783745
0.02419973051669535
0.07691293070313673
0.17215147709032905
0.07509315222390649
0.0024074982018025487
0.04238069982210194
0.0013629918753347342
0.00408051979379293
0.0003751857878282345
0.00027027312482384973
0.002880425565104871
-0.0701944817741946
0.06859001182996576
0.005291767922230294
-0.0004494647964951349
-0.057045876678240875
0.07737626959600845
-1.2503797620139538
0.039068479775813916
0.0006635723652478777
0.05137356122183188
-0.12101054008524079
0.002035521890186193
0.012705910590147342
0.43277633881776845
-0.442889175938591
2.3005530161770795e-05
0.0034199194695585205
0.11496282200154012
0.009401502113295893
0.06432032908292515
-0.3959185718716932
0.0038141456920182393
-0.06158434061677232
1.5196137372447023e-06
0.00127265662002236
0.05523153492724899
2.3005530253413952e-05
0.12947991534089318
-0.9071182838018962
0.15654341613465572
0.0014818633621778723
0.030066253743920263
0.009449603304230952
0.0005449217766024677
-0.07583805283429514
0.09791697383079659
0.019577586318757743
0.0017808183176996895
0.007682351906473847
-0.2502615740942057
0.030066253743920263
0.0003684810419927542
7.187828676811248e-05
-1.947695787184569e-06
0.27291555035869264
-0.37252321614130723
-1.6476063115123274
0.037879724036243616
0.029027282554621524
0.006321723974422867
0.022241336202598584
0.015656718755579155
0.10276003555993093
0.17263468270074792
0.0003684810419927542
0.25708778903827945
0.0055966204495118835
0.00044886860097817223
0.00013771942772702254
-0.017735345802489543
-0.04302092291670239
8.536256484830478e-05
-0.06662680300641435
0.0043719399856542145
-0.011779355399828075
0.04319576974215149
0.003991168040129593
0.001734669950933627
9.988210427948885e-06
0.1594940039558078
-0.6549056136856951
-0.2696261523519421
-0.006441021972078683
0.15250258462980984
0.002598818673573517
0.007554816633730309
0.014076268374442794
0.026966438790248827
-0.0019329051047838786
0.0008705411559920793
0.8141207892447425
0.07509315222390649
-0.08332936712486459
0.06438584544470051
0.1020427250742171
0.03489236776077959
-0.00047877072816986663
0.0010457340635050664
0.015145971720271906
0.010508204994751575
0.05126123219149389
-0.027923566996367475
0.00028760268937462783
0.04319576974215149
0.0019040121987176223
0.021614412296983552
0.0031294705611479034
-0.042587750231210995
-0.26962615235188103
0.0031631828777602755
0.009961648690441034
-0.7143204990590117
0.015471322060895345
0.002886620011320578
0.002035521890186193
0.0006630384214903071
0.05083920267832036
-0.0001074309847040194
0.0002656779761040226
0.004977886231524609
0.018458308167242483
0.02493970543859084
-0.08773747614542961
-1.5273860089637754e-14
0.0030765618660072414
0.11722971558102604
0.0025492817097921712
0.0002656779761040226
0.00670331140587839
-20.341181828170072
-0.9971916674860234
-0.1418806472898653
0.00029466223207270297
-0.011779355399828075
1.22361553383223
-0.004903676090310131
0.00011161582701781883
0.1239849423356028
-1.773380963718952
0.002008731135198249
-0.04833389876315735
0.010508204994751575
0.19574193772117746
0.0026911507490155737
-0.034202168487918565
0.003360719398071313
-0.29008832117606737
0.00014332246999605264
-0.008810995102386681
-0.041599442637444535
-1.0301567362318433
0.17737256108780608
-0.006932190979938052
0.0004884341776331214
0.0092787285049407
0.00022616583190218187
0.02493970543859084
0.008700554590112654
0.001650319736501078
0.0016478318211066798
0.0003580165685356069
0.00033177037400882446
0.01406662871551824
-0.00014233382174730735
0.00908542686676486
-0.07450946672487367
0.00011788789634987503
0.0033455365100240743
0.2133853252360248
0.09046497975096475
0.9329088458069446
2.826604754201833e-05
0.01079204104459408
-0.5547403463651618
-1.2503797620139538
0.06660195844429632
0.08742764848548537
8.280349587883876e-05
-0.0776037364020073
0.004138267843482896
0.00018089448663893097
-0.12101054008524079
0.29817926797886474
0.0021518103435528525
0.008769609195769438
0.0025492817097921712
-3.622807412301054e-05
0.027483637789877682
0.005883201482978414
0.029773802325534875
0.0017808183176996895
0.0021518103435528525
0.033247028940491384
0.18232740749550397
0.04443212684654442
-0.24310576006313783
0.07244604421269017
-1.61787695982025
0.026966438790233555
1.2605715628184128e-05
0.11722971558102604
-0.0036353867449630374
0.21481058000258518
-0.0701944817741946
-2.2204597256406797e-06
0.10276003555990039
0.06855181519881888
0.0006997223793114053
-0.017735345802489543
0.9329088458069446
0.11434128228264989
0.005768857502889389
0.005348628430519583
-0.00046279720314783745
0.00019153162445553635
-0.042587750231210995
7.775931946905039e-07
0.21128986356895946
0.003066803819790253
0.0035654054688076683
-0.034617801232480004
4.576999506699181e-05
-0.008810995102424866
0.00011515770516150874
9.531119661136691e-05
0.019577586318757743
0.05523153492724899
0.010145420632259556
0.037879724036243616
0.0007942641638657614
0.10577606940879462
-1.61787695982025
7.876495334993326e-05
1.673023882316515
0.9329088458069446
0.15903295065892392
-0.03883527290112684
0.11434128228264989
0.07178941270670687
0.03880153857624145
0.007554816633730309
0.029046995335608398
-0.00041441753194054124
-0.026549787609329526
0.0002466260394158287
-0.09869677881187491
0.0005449217766024677
0.0021765189583079028
0.23951305626144792
0.13312350891713182
0.010788249694445974
-0.0001423338218084028
7.187828676811248e-05
-0.001247059102175276
0.0001444264825348434
0.21963999585439725
0.00015232003487366776
-0.09895500705857896
0.009009949310751438
-0.0015596935310965253
-0.002336215294453781
0.00023606659135542402
0.07244604421269017
0.07244604421269017
0.0004967470351578408
0.0092312039099526
-0.08086614870909464
0.03706575689977516
0.000428128158149394
0.009449603304261499
0.21373784781536898
-0.08871031806534344
0.021614412296983552
0.0055037066929584455
-0.017714387830628373
-0.3297768796097741
0.0029863085116337623
-0.0015596935311576207
0.004905680160295877
-0.09976392379530333
0.009047164065544537
0.001041365790503575
0.000208083503557509
0.0002505050112545766
-0.22117458189413833
-0.012094580307220703
0.007643511766168361
0.001174154453828969
0.047825378691002084
0.0017808183176996895
0.0032429844535454212
-0.217300907249616
0.0007949904774693786
-0.03603104015314164
0.0014818633621778723
0.0001342108464379525
0.00012005140551784353
-0.17736714213331572
0.00019318058687018888
-0.011078444602641423
-3.622807412301054e-05
0.007819926177276828
0.0072427456596766545
0.00030123788627074846
0.1594940039558078
0.00035388606209128327
-0.36530121707056906
0.14843425864567453
0.0025518373731032314
-0.00047877072816986663
5.4859502686636557e-05
-0.07588965175131816
0.0016768216677969165
-0.0224803789815952
-0.010315450468504675
0.07091620298301468
-0.11765817668342092
0.8141207892447425
0.10045684764391806
-0.0004494647964951349
0.009449603304261499
0.03897077904846105
0.0016667989148165035
0.04651430602179437
0.03605973956350271
-0.196477879174108
0.005482725663876644
-0.07588965175122651
0.1594940039557467
7.594632174620364e-05
0.8141207892447425
-0.08516173776194222
0.0005572768207814574
-0.000436038731372425
0.005348628430519583
0.0039008257619841742
0.0040596724377849
-0.44076626941925295
0.003360719398071313
0.06438584544470051
0.004131216829082066
9.988210427948885e-06
0.18232740749550397
0.02625866908479656
0.0036676489754573684
0.003066803819790253
0.0007256095154769847
-1.0301567362318433
0.0030668038198513486
0.17215147709032905
-0.0004953391320887541
0.2592735383897655
0.00029641536774994114
-0.01112766911288538
0.0027573803489431515
0.02771089312448759
-6.808262739058462e-05
-0.017735345802489543
0.0043663691660903205
0.00016572402841321196
0.43277633881776845
-7.636930044818877e-15
0.06839914587585992
0.000962763083060394
0.04319576974215149
0.003096046637894266
0.0006808233804563387
0.027559797340003127
0.0005873977547336277
6.403963983236813e-05
-9.164316053782653e-14
0.0015950979769160125
-0.0008197109209508212
0.00921890232944267
-0.012094580307220703
0.008227143919858706
-0.0013376810437061351
-0.06997350959039245
-0.034617801232480004
0.003991168040129593
0.013032845539960548
0.33816778697622235
0.16285661530707238
0.003997125886753046
0.0008121985017638762
-0.002699929654778436
