0.4101936557464296
3.6189674587023846
0.14457093209056007
4.930637368522372
0.4353868343015698
4.974868861194643
10.633314070516555
3.3949517763206045
0.07726802329481983
0.038830887005970365
0.0003946732133040677
0.0007204305235468745
11.306199082334548
0.4255871533125231
0.2638057037538078
0.028559060729495378
0.7331472826494215
1.3492863134628093
0.04195514097768039
2.2213733234137254
10.080411995955235
-28.185692829831698
-8.672728412543584
0.1269545782242383
0.0002021445069546513
1717.741689761154
1.6068478332956568
0.011206087306538992
0.2968735731974419
0.7657540398933704
4.8608790318046
-0.18818009064627908
0.2968735731974419
1.0441771650799496
2.9435132238757085
2.380185403513964
0.3137644729837625
-0.0006104958808393287
1.3239677578205575
0.5355931653635206
0.02461257377001304
0.0010503816809279778
0.5174724792725333
-0.0007017338368661564
0.7882081135580757
2.9284691369884124
0.484990528593766
0.3631522158172801
0.0007332739835583999
0.10574415012926104
1.7393502364856187e-05
14.086722290294793
-0.005831993127783286
0.36544328367714213
0.3631522158172801
45.203175000551134
0.012615354114503895
0.37321499950297765
4.3405004378281824e-05
0.00033480699561004394
0.5642155868877863
4.9429223660892525
6.618756860147039
0.17510914135397224
-0.4378162263635678
0.17093048272201342
8.579852802710182
0.00019628030070168112
0.086761817764129
0.6447798262683642
0.03583100911608151
0.18969556877854662
3.8129051510221106
0.5374773302376362
0.1345655007670844
0.4519808676442259
0.3584377714639158
0.28854784325567173
0.7377998350694803
0.08690065921688092
0.00045441342385178784
1.5863418402087055
-1.1525733572828445
0.0007054849522301687
1.0270242039233042
-13.422277148030718
0.00043311535783738784
0.11752778046741116
10.507392552021948
0.11960283287185401
0.0016657809371364812
2.6314882576715677
0.7995994806996058
2.1437871272044493
-0.35685266774786195
0.00019628030070168112
0.07152903617623099
0.4106866348390423
3.360861558466413
0.5642155868877863
0.060844968711149854
3.1410582169026586
0.12014765560205597
4.123431021418912
3.1410582169026586
0.5372852072304266
1.6475801301428734
8.758374194463634
-0.2553536743499564
7.6993349089506715
0.0002875512130753288
-12.565192825674217
12.277250446555165
0.06358182317792119
-5.14000131882731
0.3278477935529242
0.2591942827431627
0.003914788201206706
-2.571885256141624
-29.115757010406256
0.005986112315542061
0.008537974091981761
0.15539326299860604
0.3584377714639158
0.04661154218565048
-3.098372330805842
0.1526412497286334
-6.0042776673970694e-05
0.057517270272053514
10.271559047865416
0.4858937904894812
-0.588164324625621
-0.03201625941786083
-0.19843315396560485
6.789035097398517
0.004681211409401524
-0.07097338448939382
-7.5133338444874145
0.011206087306538992
1.690355274816842
-1.9550540914736325e-12
10.97874530748192
0.005665130688265498
1.319100922062398
10.219665572322725
-0.28821286184773115
-0.005384656536394813
0.00016303736836760323
0.4359400108351857
19.934995279430634
0.0003490588648587425
9.085209315815822
0.005293623131812414
0.006584458747336418
0.30234388279436836
-2.9349566294243123
0.28854784325567173
-0.0005727516358751501
0.08365852272693045
3.1410582169026586
10.271559047865416
0.363259063099173
0.10574415012926104
0.45591600584706643
0.0016657809371364812
3.7864274612305113
0.2248161135975369
19.423842606578173
1.673601914442664
0.008044150034765982
-3.7250743291765636
0.15603441359582496
3.739421598974933e-05
4.433007164264755
6.089402558959285
-12.565192825674217
3.5604109745775188
2.7207841408298195
-3.527338755836486
0.8779915758302816
19.934995279430634
0.0005656535343783741
0.076907539400794
0.0002875512130753288
0.8874599856700314
0.030626055179084705
10.507392552021948
-0.31710054361160145
0.147091687458833
0.3524366659558495
0.07777657067280319
2.059104645000727
11.306199082334548
-0.005384656536394813
0.6056953085545244
0.0005826630973555844
0.4781359670492784
2.6462841703795923
-4.383983876638369
2.579823468088492
0.012346033643977771
0.002941353562671596
0.02414031914813977
0.4090183374638073
-0.040405165376373904
4.433007164264755
0.0028261089559055803
0.008044150034765982
0.04661154218565048
4.328806477285442e-05
0.03119719080830398
-11.343361325095678
0.07789104703519881
1.6023354453447347
6.8746896120446985
0.07241662201030866
0.4348217238382069
0.7657540398933704
0.026844368663569877
1.1280662107802862e-09
0.0002836315309924956
10.613072779911825
1.319100922062398
1.184569919472082
4.265188626138071e-05
12.277250446555165
0.4255871533125231
-9.332781232775478
0.3936273967233197
1.5915038656447027
0.0327407267488261
10.271559047865416
0.013794070013294801
0.0020010343947640167
3.2055057069078234
2.014127435995512
0.14609995129306022
0.0028261089559055803
0.1288616101500183
-21.22273501415314
0.10933503882015064
3.017700545651421
-0.9311446427470612
15.029169907861375
0.7995994806996058
3.280215131663669
0.44906150493662644
0.013336180862998325
-3.403065751096607
0.6021316045193164
0.004094136513522472
0.0015578392765697837
0.0005227940272376412
-0.011149178735730686
-9.332781232775478
9.101099435186052
9.491772560187982e-05
0.002140032193191639
8.51042456264492
0.016651794338553846
0.3428907073393384
0.07152903617623099
0.0004647785869150141
0.6092750027327646
0.0009225906963499607
0.24825470019719115
0.11350385431781446
15.029169907861375
19.38806532515794
19.934995279430634
0.01782587174638927
1.1824276388826178
0.003914788201206706
0.6527449464712317
0.07152903617623099
0.38244676780075576
0.2591942827431627
0.9601998422278842
1.6023354453447347
4.5356128962215925
1.8279475829480165
10.68928813883584
0.38244676780075576
4.7907045392034835
0.035527616355815056
-12.565192825674217
-0.025010750782383493
0.0037211491922679836
2.875227394929542
-29.115757010406256
0.0021340124702059087
11.186465348065258
3.387287204491311
0.2638057037538078
7.419402138762492
0.4348217238382069
0.13576455891767472
0.006773756148103664
2.6462841703795923
0.05808388491884347
-0.009136672247782444
4.075382602273598
-10.638966914819877
0.02161488342533811
0.8968659857491186
5.19561043356685
-2.9349566294243123
0.39760924808929704
0.0003158203255312082
-2.6398104473427373
0.5327873320194406
0.2651634674105389
3.2055057069078234
-0.2698898039297848
0.0003490588648587425
0.19207956079926358
0.7833141153008624
1.236754438365017
-0.002400256006220924
1.7851231586644838
0.0007214433354088541
0.27297529700298734
-4.59236545809272
-0.0026655105448878474
0.484990528593766
0.0006869913096471748
3.0400697470631424
0.9469707653453812
3.1660632947612815
-0.33826490558423394
-0.005348924689213666
2.059104645000727
10.32241737824769
4.7308054406531435
-0.0026655105448878474
-1.8609658353084697
0.21353895422916108
0.0647723081817139
9.035797724264745
0.03787837842184702
8.51042456264492
-0.007324600941491086
1.5915038656447027
2.1560867455299606
-7.192141133879873
1.690355274816842
1.566560545940899
2.579823468088492
0.44767418556784744
-0.005840486035250867
0.0012676742793425624
0.016651794338553846
0.24510138388892874
1.0138071335089198
0.05852969746541042
1.484923539339956
0.0027031310173325487
-1.9550540914736325e-12
-2.2913945985078055
0.3253275715605535
-3.527338755836486
1.5000951890609275
0.1072176557037775
0.0002836315309924956
0.05712492305893907
-0.21844286878465857
1.400404883380658
-2.9349566294243123
5.427780250980478
6.0034239395299265
0.0327407267488261
0.020529432467015638
3.0605555619664337
0.15707463995746557
0.1800911012817006
0.13851386702426724
2.0697888900707424
0.05872332225719579
5.6004042596959245
4.571984902926344e-05
0.006584458747336418
0.10574214596030068
1.6396982600083625
11.723084100341472
0.6766883979383085
3.052725271799187e-05
0.1056100616730277
10.838746128655567
0.0005656535343783741
0.38244676780075576
0.01075026975501849
1.8944147329351737
-7.790776801440113
-29.115757010406256
1.4529339362244087
6.8746896120446985
0.11350385431781446
4.075382602273598
-5.543902957777378
0.1247898981851272
0.0021340124702059087
0.06451605144518872
0.0012676742793425624
3.406271814124955
0.0383741663133022
1.5915038656447027
-0.5705601454129015
-0.5402137015401596
2.1290263740347557
-0.2553536743499564
0.13625020065318105
1.0858788751601987
0.4359400108351857
2.5303498559419992
4.328806477285442e-05
-2.571885256141624
-1.8609658353084697
-2.571885256141624
0.00033480699561004394
0.10672663134267234
0.3137644729837625
3.739421598974933e-05
4.974868861194643
-0.012050455446060778
0.0002021445069546513
-42.5868005916492
-40.58508578524166
-9.332781232775478
3.280215131663669
0.004797613762054484
0.05712492305893907
1.319100922062398
-0.7005123684740207
3.387287204491311
0.23295848154395268
-0.00043073571291854436
-0.0004186716567261798
0.1072176557037775
-0.07097338448939382
0.013794070013294801
0.06914093729459742
0.02488207072131695
-42.5868005916492
-0.45141147533087483
3.8243006229639307
0.009363545758862002
4.974868861194643
0.0060646926140330544
-0.17739997402278215
1.3239677578205575
-0.3790836250345082
-21.22273501415314
-5.14000131882731
-0.3185732943749241
0.30559866490654175
0.0383741663133022
0.2797497828105139
0.6686702353662108
0.5838987231800361
0.2082054689481524
0.005293623131812414
1.6475801301428734
0.7331472826494215
0.39129383882830426
0.0006803172124615414
0.5642155868877863
0.04922599807653331
1.8322399365248463
7.327077197789115
-0.007042061065781971
1.1003996120888957
17.235681950115527
3.811690478022627
0.7629894923766963
10.643017251173488
-5.706130916218186
0.002616923438943732
1228.5656336009858
0.01075026975501849
0.25034706066618
0.008044150034765982
0.6057235185989309
1.162272748450612
0.3524366659558495
1.3035471982845745
-11.343361325095678
8.13764758534537
4.7308054406531435
1717.741689761154
0.24713411870376437
0.3080343774199008
-0.037382835498669505
0.11752778046741116
0.02574078476232407
15.47533676346778
-0.7098835456731355
0.7908272123778868
-0.33826490558423394
0.40266190928330325
0.12801553235283955
1.6188552343626053
19.347020358316342
0.03787837842184702
0.012967351771706695
0.7301831744995723
0.15234958483345773
0.1288616101500183
4.042547848222691e-05
19.347020358316342
0.0027031310173325487
0.009363545758862002
-4.417174458942611
0.7345408488148538
5.273502734939338
0.0011830003959222627
0.012615354114503895
0.0023450618203903766
6.0034239395299265
0.07171277930742544
0.41129694392619354
3.723158367842299
4.9429223660892525
4.936797902546862
3.4407868594755886
-0.007324600941491086
-0.7098835456731355
0.02821275595715551
0.005293623131812414
0.9495994693654941
4.82883702773788
0.09261139212052606
-0.022074175403192325
0.12353600766861199
2.014127435995512
0.00021095471579116987
0.00033480699561004394
0.02488207072131695
0.0015676282284956841
3.198315461672595
0.0426326300773201
0.0016276563950504291
2.2008215952478732e-05
6.107341347044389
0.038830887005970365
0.0027031310173325487
0.6230923173734103
0.0004647785869150141
7.661665879312353
0.2721986729892167
-3.5388959430472093
-0.022092113800638073
-1.0756994380147007
10.97874530748192
0.11095370808960969
1.5863418402087055
4.979614976114404
0.15519498073815513
0.0005656535343783741
0.19916431590813832
-0.0007017338368661564
0.7743814654325006
0.16991232844598742
18.266473647592832
18.92213965391502
4.5356128962215925
0.0003589687173296595
1.338642034361228
-3.098372330805842
0.08547434525024863
0.2705955957746759
0.009363545758862002
-0.3790836250345082
-1.448738677988675
1.7232200700314582
0.0355787118059338
-5.14000131882731
0.0033963412914829703
2.1290263740347557
1.066861422555277
0.0006146204740965433
-4.315222412566749
-1.9550540914736325e-12
0.5413993665359997
0.36544328367714213
2.304457770540195
1.4872441552363236
2.0716495519981653
0.033090012728408544
3.467195601013847
4.930637368522372
0.2155094996218404
1.5998866057751275
0.04374515542627347
1.6512065701571144
11.186465348065258
0.4054748640839561
0.24510138388892874
1.0535147313664495
-0.0006592824198962614
0.0426326300773201
0.11350385431781446
0.057517270272053514
-18.33404229467605
2.875227394929542
0.015818741039395488
0.0007349716860595965
1228.5656336009858
4.930637368522372
-0.005384656536394813
-0.33826490558423394
0.19152608019803993
0.000173482369974763
-0.004081772053493682
1.236754438365017
10.97874530748192
4.123431021418912
4.829144327613141
0.004818113995909856
3.566697753694037
0.03854023399400599
0.16081873442897723
0.0005899993615867298
0.19994118085299997
0.1611874980415972
-0.38838397186730345
3.0400697470631424
0.12014765560205597
-0.010793930900808567
9.208454549120306
2.9284691369884124
-11.343361325095678
3.280215131663669
0.056461716587414085
1.6396982600083625
-4.417174458942611
0.03583100911608151
0.0383741663133022
15.47533676346778
-15.64793308557327
0.020890792373858554
0.19916431590813832
3.017700545651421
0.012889207254772692
2.343260841589832
9.035797724264745
3.1082038952510347
0.15539326299860604
-0.0006543948296338214
0.07452807341436611
3.6189674587023846
0.020890792373858554
8.13764758534537
-29.115757010406256
8.659780316887511
0.016651794338553846
0.5300704625046481
3.4407868594755886
0.026844368663569877
4.037009114053212
3.270765477926649
3.26889963768069
0.0024579987849246837
0.37839753891295036
-0.6917707608472365
0.5300704625046481
0.038830887005970365
0.0032208910012057577
-0.003176379795941655
11.079508025739651
-10.609479091360601
-40.58508578524166
1.7577800104622274
0.3631522158172801
0.8339312513891071
0.332519130682064
0.032800323257032936
4.679197136711846
5.448944550215424
0.038830887005970365
1.6299912145711757
0.1269545782242383
0.02488207072131695
0.1923009273511243
11.306199082334548
1.0703123341846053
0.00018637018625351583
1.8322399365248463
0.9527805444877687
-0.3790836250345082
0.2705955957746759
0.38244676780075576
0.002616923438943732
3.739421598974933e-05
3.811690478022627
-18.33404229467605
-4.3964583579695935
-0.13739818774490745
11.577471421085932
0.25034706066618
8.078513038361514
0.6686702353662108
1.184569919472082
0.04225680954837281
0.05488778994297193
2.304457770540195
4.829144327613141
11.186465348065258
2.849543679906821
4.411181615940843
2.983094059451201
0.5374773302376362
0.01342827047968848
1.2830560393582273
0.04374515542627347
0.967279275175118
-1.286359923488716
0.18856937391426182
0.2705955957746759
0.11322791099207044
0.06451605144518872
0.030423411885044858
-0.09407544763610293
-4.3964583579695935
0.03119719080830398
1.338642034361228
19.38806532515794
6.089402558959285
0.7688253773426822
0.03583100911608151
14.381387255250855
0.3428907073393384
3.3765539448349546
0.00042982262836577066
0.1526412497286334
0.050740428016324945
1.0441771650799496
6.310141391892103
-1.9550540914736325e-12
0.4359400108351857
6.3304429685780335
0.12349685692645353
0.00042982262836577066
0.1800911012817006
1717.741689761154
-0.3492483034867521
-3.4793725748254856
0.0017625732252978346
-0.3790836250345082
22.276858716170842
0.7908272123778868
0.00019628030070168112
1.0858788751601987
-14.202496312365536
0.005665130688265498
0.12227170909123668
0.04374515542627347
1.040962424768848
2.1560932691251273
-2.5110785013380825
-0.02498262086000366
-2.6398104473427373
0.000173482369974763
-0.31710054361160145
0.30234388279436836
24.574327208295326
8.247020778903417
0.05342279511579164
0.0028261089559055803
0.11705404437788437
0.0008360123321774253
1.0441771650799496
0.4463420926902129
0.17106916129725394
0.003902352981905183
-0.45141147533087483
0.004681211409401524
0.62989222047554
0.021106870041054018
0.0647723081817139
12.277250446555165
0.00033480699561004394
0.3253275715605535
1.4014943451050783
3.5604109745775188
7.327077197789115
4.571984902926344e-05
0.08690065921688092
-21.22273501415314
-11.343361325095678
0.12066009081233595
3.723158367842299
0.00010857804826895893
-1.1525733572828445
0.0937683632938246
0.004306163034932831
-4.417174458942611
11.323233145122938
0.05872332225719579
0.11721584952257942
0.12349685692645353
4.265188626138071e-05
0.8550584751424876
0.37012616562356826
0.2631581087176524
0.0024579987849246837
0.05872332225719579
3.7836272999988445
1.400404883380658
3.9371383216541345
-4.59236545809272
0.6527449464712317
-28.185692829831698
1.184569919472082
0.00024406839754420633
6.3304429685780335
0.03209132373729844
1.4759825337072612
-0.38838397186730345
3.882003857431795
4.679197136711846
-0.041599857355493125
0.001948234317342481
11.306199082334548
7.327077197789115
0.6873771882412437
1.6256690719856937
0.02245858727267059
-0.004081772053493682
0.00025319420685260334
-0.09407544763610293
-4.738660106913791e-06
1.9075902003419964
0.07928094719463681
0.2591942827431627
2.579823468088492
0.4054748640839561
-0.31710054361160145
0.00016303736836760323
9.509688675882246e-05
3.26889963768069
3.6189674587023846
0.020753930057554396
1.7577800104622274
0.04010721546323746
0.6620357414727915
-28.185692829831698
0.00012137549803749568
45.203175000551134
7.327077197789115
0.9461679225997284
0.1288616101500183
0.6873771882412437
0.5838987231800361
2.480362141788221
8.078513038361514
2.3841916332744404
0.8692078586355557
2.2212366427258567
-0.0010226417898843358
1.0535147313664495
0.026844368663569877
0.3857654017879613
1.4872441552363236
1.162272748450612
0.05497054971113343
0.021106870041054018
0.0032208910012057577
-0.0019270281388703804
0.0002406080006786503
1.6023354453447347
0.0007332739835583999
-2.0042523886878674
0.01782587174638927
1.1824276388826178
1.1424065432490764
0.008044150034765982
0.6527449464712317
0.6527449464712317
0.0007354724145135047
0.1732665112638505
-2.098835672377028
0.3584377714639158
0.005909631115617893
3.4407868594755886
6.6820807387667776
6.944651497487025
0.06451605144518872
0.147091687458833
-0.07097338448939382
-1.0054433030780943
0.2928717356047905
1.1824276388826178
0.8874599856700314
-0.583211373293918
0.16991232844598742
0.0012703136434221878
0.0003158203255312082
0.6057235185989309
2.6487793448367403
-0.2698898039297848
0.02322802147726717
1.5536135559558923
0.4090183374638073
0.0024579987849246837
0.10786139234488581
-4.059506247350259
0.24510138388892874
-1.448738677988675
0.016651794338553846
0.002683813538416057
0.00016378954219337818
23.569786992112146
0.18969556877854662
0.6092750027327646
4.265188626138071e-05
0.2471846337726154
0.06062747341663717
0.10479424264489866
3.811690478022627
0.05852969746541042
10.220399342708204
0.8881084375262379
0.11612331561638443
0.5374773302376362
0.03937134333987
-0.3185732943749241
0.0022416952385997052
2.059104645000727
10.643017251173488
4.874722663852618
4.7308054406531435
2.304457770540195
0.8530824039008568
-0.010793930900808567
3.4407868594755886
0.8139984069938764
0.11095370808960969
0.7331472826494215
1.3059516717276163
-7.414113363175569
0.007812816806787174
-0.3185732943749241
3.811690478022627
0.0006183597046867336
2.304457770540195
-0.025010750782383493
0.033090012728408544
-0.0025988867335580514
0.02245858727267059
0.1345655007670844
0.3080343774199008
10.271559047865416
-0.02498262086000366
2.849543679906821
0.007531649345814354
3.739421598974933e-05
1.400404883380658
0.8968659857491186
0.05195728036934648
0.07928094719463681
-0.005348924689213666
24.574327208295326
0.07928094719463681
4.123431021418912
0.21353895422916108
2.380185403513964
0.00043311535783738784
2.223957666564414
0.0521138044300421
7.852018235865685
-0.022092113800638073
11.306199082334548
0.005434041806857152
0.006491270785167781
15.47533676346778
-1.9550540914736325e-12
3.793150760099208
1.160954953745727
0.2705955957746759
1.1747746407389397
0.3380664091143713
2.9704339638983983
0.000840126561692901
0.0002425454690585711
0.0016276563950504291
0.01674814777572329
0.7377998350694803
0.13033812987248372
-0.2698898039297848
0.41129694392619354
-0.007042061065781971
-2.571885256141624
2.579823468088492
0.38244676780075576
0.30559866490654175
2.0825992028146407
4.8608790318046
0.07789104703519881
-0.005840486035250867
2.5103868402527043
